69383
40886
52777
56915
77793
78335
75386
70492
96649
31421
22362
50027
18690
30059
17763
33926
70540
43426
79172
85736
95211
55368
52567
46429
55782
91530
92862
35123
34067
83135
13929
99802
24022
63058
63069
98167
41393
38456
75011
38042
66229
87373
84421
74919
23784
98537
15198
84324
48315
84370
76413
43526
46091
28980
79956
91873
26862
79170
26996
57281
62305
30925
57084
76327
90336
26505
80846
31729
61313
55857
66124
33895
49582
50545
98814
63367
55434
20364
54043
93750
11087
36808
37276
47178
55788
23584
45403
72651
92754
62399
29932
55060
89676
83368
37739
80012
16226
18586
18094
67539
70795
80570
91434
20378
37467
96601
80097
82902
23317
40492
76652
30756
67301
20280
74286
29441
33865
19689
98444
26619
78440
34729
78031
68117
18097
15771
54481
30675
30709
68927
94567
97856
49497
92353
24586
76965
95306
94683
66219
18624
41528
42871
45732
98829
59503
20019
28270
83368
29708
26715
16340
98149
57796
90723
72618
72245
12846
33451
92921
33555
92379
87488
37764
48228
79841
52350
25193
81500
47034
87764
90124
84914
36987
35856
83743
86491
52227
18365
69859
71936
41432
82551
76437
89228
73275
55407
61474
76121
78858
54395
16029
71237
48235
43793
25818
34428
86143
41011
15928
39529
28776
12404
24443
55763
44613
14538
48606
86840
22904
24818
65128
60688
97369
47917
49917
76996
93324
17743
59470
72183
68490
65499
49772
16725
15644
65590
47505
98139
12954
59786
37669
38082
68542
58464
90197
19507
69355
38804
96348
88611
53622
67828
49299
57343
15746
95568
34340
15422
13311
83810
77605
71801
55661
33730
84878
61305
89320
38736
59444
98626
88522
93465
36708
63416
58282
33258
72924
27637
62062
75624
22600
22036
43452
61899
69379
55550
57468
10071
60973
67131
83881
44930
38933
45894
68660
30163
97199
57981
58899
62996
62959
53773
62813
89668
17190
21095
22926
86466
45084
81340
62090
57684
93376
95542
25936
69107
57445
79756
69179
18418
46887
59412
53348
82172
11659
22009
12336
15210
76342
67587
68206
39301
27713
37372
35321
41255
54819
54599
27721
89904
35939
79811
53940
35667
81705
76228
11127
39150
55984
76658
53920
99224
42422
97269
81396
44081
25630
90084
49292
91972
57672
23850
37625
75385
51222
69299
16640
96042
23898
40713
92298
56190
20524
52590
88209
98581
28819
89336
37732
81155
65994
88004
80379
14769
85273
61776
48850
17255
51860
88142
15579
15884
11993
43205
87621
59567
12504
10613
61961
32754
41326
54259
78944
58202
13202
73506
56784
32021
62842
90868
19528
35189
78872
89908
39958
70498
58036
78808
77753
16248
73303
83333
22133
81648
32890
99754
47567
41746
10368
99529
64500
48046
53788
49797
96249
56990
23303
53033
85363
82497
50253
94892
17686
29125
91152
53996
95975
49188
39157
73729
55436
12460
63414
73921
90460
86304
80028
38027
28050
86748
37556
88902
34794
87697
38699
31043
51039
52002
80428
36403
34500
30681
37647
48538
56159
35151
92535
52134
74339
31692
32215
36127
40504
85629
10049
30964
78285
86429
65343
96335
73177
92900
85238
97971
86949
30289
35367
37988
72292
15795
70743
13144
42829
98390
51682
95340
33541
50569
53826
14232
72261
76042
40360
19117
68023
46761
40081
46309
33190
95425
48996
96367
94677
34234
10690
81626
54524
36057
19614
33168
48205
80358
36312
87386
85100
84346
82726
24994
34916
36552
35578
13529
18946
72290
22647
76970
19051
59080
29631
48593
60857
68627
51312
61886
99214
58355
43512
60090
84412
59479
89610
38969
46189
32274
26355
37641
16620
15433
58987
47888
48338
84566
57770
57284
56856
70417
40606
72260
35849
60237
27205
93059
35217
68518
54945
40783
26873
88458
90873
17637
54289
80483
46607
90478
12757
69314
34471
25729
81100
83459
63618
29438
68025
21388
83074
31233
88157
23681
93493
30358
80270
20699
23417
21839
85569
68363
52622
18794
63173
49847
26431
17462
36682
69390
14292
45791
45057
45115
61521
26157
28574
31491
51947
92951
49231
35021
30537
43740
55054
24030
64098
35325
41081
77516
53516
33002
52231
96139
41796
15404
52338
64580
29218
79021
33970
39862
24812
75379
74977
82685
91536
99904
14176
43483
99207
59759
74857
29744
93499
29911
50127
63950
55236
87560
47818
15105
20563
90049
11244
58711
11805
59934
23291
37375
38955
53614
73589
53768
28993
54918
42805
26882
54822
46982
66717
54030
13093
41574
80126
96593
61486
30253
60543
23074
17814
14713
28179
28377
94762
35775
77088
12919
85710
96732
40294
31017
50346
20235
81137
75691
65153
23943
92573
26328
60925
59291
76710
64018
97217
56836
66963
65055
77090
33858
78130
84904
38571
12661
19633
39685
44789
93073
42604
36851
89805
79250
57868
46503
89485
39006
22195
54639
52949
21120
70967
20226
76763
47677
80596
73981
10865
47560
39036
77955
77770
23518
69211
16342
32532
85196
52379
67321
78270
84984
94172
74427
64234
52040
27283
60072
87398
45830
21063
40347
56950
82030
50573
33714
36059
37522
14047
36924
75082
49435
21232
59204
62954
80443
71898
85486
65640
24278
59159
50262
99262
59683
31041
69848
11723
48324
36272
89122
84154
47335
35821
47457
29365
82747
71171
61776
20269
75218
88701
91703
24653
99933
50907
83959
86728
22806
75797
58720
37084
41308
15334
42698
90991
36376
18898
92715
81052
45171
88189
71559
82506
24010
19016
18224
13109
86539
70000
23378
68109
65053
15081
89114
71338
55989
79426
58067
75147
55223
16787
12231
86532
22122
51281
83875
54850
60179
76590
42254
95350
71131
13813
77857
91494
29181
86081
94603
15720
62433
17982
80181
27487
29415
69296
88825
75404
48722
46892
50551
10297
60032
59134
93181
78506
10415
77057
39708
60595
59999
71962
62297
37483
75776
40154
28977
11309
32587
29932
23382
85021
44266
93563
18860
63682
69211
97685
39086
24285
50930
85990
24583
17314
51476
24116
85820
51892
97525
25528
18839
57525
87490
71136
91360
69618
17643
20337
70928
46582
46621
84310
37955
80888
84225
46815
44570
53437
50853
80008
67722
91783
72350
88657
99097
23827
19126
91269
72071
16651
23149
80910
70528
10639
58398
61888
76610
72393
78577
53890
18976
25199
44552
46931
96087
28777
90099
40657
78566
40952
27017
52641
32735
89368
41298
38184
13195
56776
35805
75266
63428
48954
62528
40308
49593
27278
92197
32555
89672
70774
76445
15000
92325
20997
58283
88412
46127
48382
35421
24693
79334
52439
67334
18421
48159
14985
52957
51354
61761
78762
32972
31541
27716
91852
61850
73662
25482
60399
96217
15154
31173
79015
26506
29851
96364
74790
18263
42491
23172
50037
63537
98859
98828
30871
17280
46987
35856
66590
88341
93970
45352
27665
25511
63069
19517
77361
43083
41351
44112
39300
46506
71638
24667
69364
91489
21032
44154
16104
59875
63679
56141
23412
62538
54969
50636
76170
91956
82844
42760
86649
76814
84465
14314
92326
53886
30183
76039
86969
61535
20152
32621
14393
81790
47289
80109
79631
64673
24264
85735
24548
84295
41877
44313
46833
93198
84949
29355
85155
67793
68468
78156
50960
52933
88823
43286
13171
25358
25677
90140
83245
42181
22761
93990
30323
60050
74100
99954
31075
88364
92042
45624
72659
33919
86289
25844
33469
71238
51551
24976
45383
20019
93133
86343
69304
81956
35981
72475
13666
58011
68967
86912
90192
81729
80902
26868
48131
55002
33174
69207
49718
25216
21183
22377
55487
97472
44573
78957
75062
86125
93933
26797
12496
93418
13141
78153
81726
45474
56980
85393
93485
25948
72305
90030
14029
59559
16898
52160
14562
46424
27719
54280
61641
38902
73010
23480
42726
17583
98789
24140
93708
92723
40938
12557
92493
50431
80710
74220
85905
37690
59613
79391
53638
38270
69421
57667
87829
82671
16180
98743
29095
33899
53024
87088
69154
32386
10569
18232
39969
15710
32373
40030
98433
69663
42587
97279
20094
29649
71499
12351
57339
37464
81742
17330
72086
57515
71349
59915
40186
83881
65011
65634
24133
24387
52722
83287
46773
59643
91519
76742
65354
30244
23124
70139
96259
62063
67418
16353
81712
45269
18705
45404
72733
96799
52734
44819
54315
30435
11087
90853
20669
72450
56487
34802
86837
15562
18089
33610
65205
15960
16704
36911
42557
29829
13403
38816
81892
70821
51522
63605
22443
66579
15361
91528
63378
64447
42700
24045
84882
43787
14899
95551
22589
61386
30353
99426
66948
44794
33036
38506
57107
46092
65417
89664
65921
68820
28480
54166
45994
76354
24123
58437
42933
29484
56317
96312
83931
89017
26709
75165
39156
31608
77069
51745
82995
97422
51171
56295
48569
80559
84801
95676
26652
56571
85340
88925
31743
20172
43091
74089
86527
63566
38878
35812
83050
85196
32124
73333
74213
55186
48499
13370
76794
25568
55115
66141
29342
12639
22437
74263
83198
13590
69939
16202
66513
61631
95128
88257
71804
44571
62346
64683
98138
91225
90495
87540
76421
28972
67226
50634
74158
15725
60356
50952
37645
15472
23446
63339
18111
35883
37603
97661
45825
97542
20216
12339
59174
15344
90596
37330
56267
59294
92013
60757
50519
88860
54650
33292
17832
21876
80279
81990
33953
40635
39295
61598
46107
52741
24937
60570
84976
52540
64584
30801
50083
74800
39492
15609
86496
36440
42939
42763
85735
41304
99873
42606
30164
54523
72251
44349
72751
52530
26339
96704
83165
61986
58302
35625
21079
79591
92547
12407
38484
57131
39561
84919
31931
69053
90528
18427
95494
39819
57543
87581
71123
63768
30187
97639
24643
92438
41988
87394
51320
64680
84098
34486
33018
48752
66463
44098
34695
59010
46505
63179
16142
76066
48098
44425
51472
44978
52853
46966
74797
16748
34547
52272
70516
61086
49912
85159
59877
81900
72553
11197
52932
63003
42035
75951
18107
98498
20049
49154
63861
62906
12334
70003
45325
56784
14428
86797
91763
63633
40115
66560
70381
71014
25185
40897
32100
65097
32408
88329
53349
11313
95879
12634
64316
37914
78585
78775
42765
94986
27930
96626
57892
36616
66629
99569
89752
77409
86366
81515
47395
32833
54428
17776
93847
69613
55026
32300
41062
83786
20629
90763
85100
16508
93397
49416
50775
71982
34544
83540
73320
58826
86518
37565
91794
59499
37134
81546
36908
29853
63062
74303
52686
23842
88432
46534
89807
49810
68834
30869
33596
85815
27984
18696
92324
21382
64465
49451
89716
95361
39343
63037
54187
25861
90602
45981
75360
34088
33879
18620
53941
93293
82924
96628
17135
77708
43162
96942
33870
11996
34163
57466
87811
58500
72515
86487
76234
43332
42290
65950
38693
71633
35339
82880
87494
32293
35213
62854
56382
65444
71475
10323
58738
60751
96951
65873
44811
46465
69168
68681
54813
99683
32499
48977
64535
95014
35464
40769
38346
74107
13072
73391
45740
38411
62623
39587
67057
87836
98793
23439
53281
76620
30114
18371
37371
33418
80596
78534
69883
49764
53567
24697
55800
76067
63674
20335
77433
95490
57457
22132
75949
60529
85523
21690
95292
48147
57629
62349
42335
56422
82140
91968
33043
12255
10339
66766
42025
80936
51653
18260
37052
95220
32957
89204
71287
92983
99540
48721
94826
56997
67205
77127
23878
52728
95169
19170
97227
52798
71520
39563
99221
53660
37883
38616
62267
38223
95382
94292
25511
47035
12553
52563
48608
41862
41768
19895
41198
47660
64968
42376
11009
32173
19503
24887
81254
14673
34057
78481
63823
11929
24396
63044
61942
52280
98012
24209
86855
99747
24854
12366
53134
33759
61281
91742
71973
99401
11638
13171
53413
72958
51899
54422
11484
67755
75661
89090
78780
16071
73923
42603
18000
88320
12000
69942
46952
10012
90504
33807
99759
15358
42525
52894
39117
10158
44636
11090
99560
52626
20614
52973
31937
68865
13748
33421
36620
79409
28863
15400
91832
92786
48004
99833
87458
56356
76127
34410
56368
66631
64569
56128
78341
13446
15374
17458
13605
50010
24901
13165
98989
41867
62490
30926
10732
66238
60699
43705
52000
79562
55457
43832
72348
93461
50017
59807
56169
32497
90569
12538
89128
55139
65018
67470
58585
70392
81280
68542
26754
12533
71707
25743
44400
40550
53021
51485
96788
13720
85190
55140
89634
40647
95325
61983
40461
51694
28142
86630
74191
25063
95520
63320
76554
60538
37142
41492
30930
18422
10034
47685
27308
78094
69780
61708
18644
22802
19545
21784
26522
11087
66925
16157
41735
68602
74492
78548
20296
98986
71530
90840
24049
67051
60512
96956
27589
87654
38448
54872
12428
38482
92557
36088
16576
62337
87797
25220
75139
13694
37005
98014
14782
10282
20523
52869
75236
85015
31417
91884
90353
99299
82724
20754
66350
43236
17710
90292
37242
46158
45164
46023
74641
37721
72111
87569
96410
66260
12790
77902
69955
46147
75916
81089
52781
86439
33958
28017
77806
55375
19901
74511
54674
98978
85265
27377
48566
92976
17669
82161
39134
52833
34536
20127
86906
12999
97697
83316
69260
16839
67570
45567
52986
43486
33008
95767
36277
56966
30136
20435
18693
40037
84946
69719
45367
70212
87096
83934
69540
11117
66095
98674
53950
90631
18802
47208
93630
22851
30525
69242
29690
94447
21161
72676
37934
44169
74795
70563
91135
94931
87351
16180
41320
72297
75900
76688
48861
62996
66974
18401
64114
33069
23428
24416
30052
38582
61625
23682
51433
88502
89277
71123
82949
16790
50151
27235
50960
24946
87799
48447
26229
81502
54628
57549
53799
30528
40589
99013
89876
97563
23766
53990
36984
37194
74759
57036
65776
36384
77071
17209
31238
72700
84684
20539
79490
34835
37775
30450
49781
31926
75250
72362
13428
29878
36264
63579
56758
66853
68944
46634
70769
82711
96977
14105
26257
71736
61142
82034
14472
44565
95595
35710
17265
86632
46249
93107
21467
80376
23558
67601
12302
95160
39963
22082
25038
66227
82014
71796
39433
50958
18430
16554
33669
15407
20659
49927
83495
71801
38313
87967
22718
40260
30029
36335
26892
72631
29443
44712
53007
49353
12313
61662
44513
48628
80096
59551
14856
62110
37699
50641
13069
52481
57195
43090
57889
67854
89369
47736
46008
27682
35704
58726
64295
55733
91414
81187
28364
20857
32251
77724
60210
34564
45738
94723
73193
25834
60626
84401
77945
88325
41394
87366
40806
88589
30456
95047
62795
19826
42784
98803
43860
74840
63882
98155
30573
61648
85695
55290
72505
17946
39366
39067
48863
75104
33790
28408
97290
90768
19161
75235
79093
50555
62601
26251
39144
89410
27651
98291
15588
60435
13447
49448
35275
73681
53956
62200
35329
39651
23842
97834
53949
59560
36901
99164
34664
67043
27572
31955
57811
36733
13542
43256
83640
72496
65859
29136
68258
83510
27428
73846
50297
30875
23294
81924
94556
67250
44125
29885
13253
64319
34071
63555
23880
67324
62719
54896
34367
86644
83203
88530
29729
86746
31786
13370
65594
87645
38858
33852
77508
56286
97698
27805
83513
27344
99730
84421
90947
50207
20658
94200
20878
44729
64107
34758
12053
33179
86007
42772
26175
69210
31302
45904
62308
59440
55626
27902
47086
84485
58106
30946
47123
55804
48751
30637
79501
54833
21410
70448
11392
32069
71000
22271
73150
35108
53381
81556
58287
39388
24328
74462
14951
51983
26718
67259
11423
72345
91514
54861
63182
55972
75807
16657
18129
30911
37294
87630
75744
55057
58078
77137
77126
29078
95760
56628
54186
49141
38184
18825
84882
58865
89639
89833
10848
16358
63444
18623
85055
61310
63485
54589
17283
45644
61246
25412
66555
94893
13042
42300
49950
61120
25789
33428
86550
21549
80056
40737
67042
18241
55914
51924
73458
45554
48109
80658
58264
11554
89281
43319
69216
59118
94260
76499
94763
55506
98263
61318
50399
11305
99970
96701
68777
32111
30129
55328
50012
10186
92417
17055
24779
54683
58979
94589
90237
97089
75247
54853
14995
70880
94524
74211
29999
88784
50711
31114
50643
55326
88784
91042
56632
95107
94096
31761
27218
24225
83441
67231
30763
82210
74286
51894
36894
39617
52835
33483
43058
28082
78337
48053
95315
79213
28617
25314
67998
75680
52780
18641
31006
41564
16035
77638
43023
10131
15752
60242
30709
95545
33825
57824
77756
14463
16071
21002
44080
58906
44485
83491
76989
29174
31544
78656
98388
50161
93970
72738
25841
53102
81379
46848
91018
93766
30838
34042
10250
42942
84284
30959
38488
24461
85135
22596
28924
91206
33598
69356
50113
74435
52847
33454
99962
80744
12110
14702
37257
12432
77440
59451
61886
65171
96299
52904
65289
33489
76946
65539
72784
67582
92850
11272
82043
77986
23868
17319
69192
53818
76676
25657
28253
35875
55463
28215
16619
63925
39269
43877
72709
16709
99680
34595
78232
12331
77500
43522
35820
54446
15413
14956
22029
98264
16228
10424
76250
36448
17744
51794
86618
90772
73804
14872
26647
29267
39439
39619
83193
68709
79848
62254
81770
79528
86850
66355
81859
64350
16229
24031
25148
21642
28988
37177
19906
41568
43954
92508
74369
51698
44303
60987
42470
18107
72211
65469
43726
18003
11440
33271
83064
81288
85526
71186
60816
72376
37541
49027
43078
50122
63059
58226
61765
88399
85404
78023
29967
29358
70532
10688
77408
21187
61676
26230
29294
40239
88051
69372
48242
89492
92644
31306
70780
84522
92493
37949
56898
36386
83328
89976
76509
46387
48202
44626
41138
39958
22649
67458
65668
83181
68146
49428
10720
36174
65658
30014
66414
60062
95739
14656
49554
94735
42315
20334
79257
41160
54635
42507
67546
37964
32483
44055
80703
77037
85033
21842
23348
97683
79300
85368
87216
47446
41149
87937
73621
13159
24303
46387
63221
20042
51043
12775
14777
89710
29462
90386
30870
74097
32893
88417
12061
61728
38824
89117
38766
23858
10959
58466
27893
80259
50186
15109
34057
81335
93046
14030
84495
23702
50417
47716
40096
97813
50492
44874
87523
76306
35260
18394
50403
64506
13163
58817
26234
48339
47934
61352
68549
48893
19818
86442
35504
60005
97904
65913
47692
97302
69944
32187
21004
20361
76256
51101
24526
26748
92327
12050
93054
33939
26796
49809
88445
36311
98626
14680
81002
52912
66032
49552
98157
82203
42346
33661
48560
40250
95927
86252
37553
65871
18440
48557
82584
91048
96010
97111
24148
88337
15513
23554
22277
38661
63363
17074
71324
68342
21754
52326
21254
84139
91878
25764
66342
34225
55777
14902
70827
51704
91154
98380
17575
15946
53290
90160
96994
49300
93623
21142
43990
15488
34696
62619
44149
94412
69693
21825
62754
81448
64151
80360
65587
62382
96124
31929
92959
51902
43183
63786
93606
34337
62167
17534
46636
21809
14046
43630
61109
97669
61125
11451
13157
92173
64070
53658
86585
33764
65483
49339
21564
35986
36052
83503
88368
32176
15432
81327
80430
54967
51466
74037
79304
13633
81571
32292
31794
85617
72275
89255
89638
33400
90707
99147
25573
54777
59157
12159
84893
30992
57850
96457
56978
83902
79960
45347
22431
91744
33026
92861
46711
74492
66898
32368
84477
54821
54660
16271
46790
33287
11879
42780
56687
92586
48279
78613
47363
97436
87124
38609
28428
44974
35066
81759
35229
15027
33458
47660
96771
56484
46873
49835
37329
20124
72203
28158
64945
33215
40782
18088
56503
42661
50868
19542
35247
95500
88155
78962
92936
81631
17571
27717
32958
42638
99476
58187
54017
32934
12199
57140
85770
49072
13327
29451
59196
81882
47610
30494
15098
78392
38582
67953
21053
85802
83847
52652
87654
78355
31614
80591
59986
45538
14660
82944
84528
20488
47483
38545
43422
56034
92037
35544
95107
95365
54996
60655
77247
92606
81149
88697
77350
26083
63002
88403
18238
46850
41055
95892
25205
69021
82835
75191
20911
87495
64488
95439
97983
18323
40336
47757
64358
38726
73302
59465
34091
34650
20120
17690
33608
97622
96388
10958
30057
59390
89361
38295
96240
36768
40540
27797
12141
23375
99341
23053
17223
63829
24844
21558
72152
61533
59316
36510
90259
38970
92327
24350
69972
18800
32040
93580
22774
34780
94538
42831
84171
83899
77479
86763
27019
18019
14561
35512
37746
20254
54917
44969
74083
69762
56528
52587
31295
22196
85450
21554
51166
84129
42256
21138
92929
64296
14718
22055
95429
15608
54887
79600
89507
38718
72715
22878
46737
83628
48390
80835
93882
93308
25805
74317
69422
78685
33257
97069
90881
18707
18623
48399
92836
50879
65889
92118
21527
70607
14173
16956
76215
65412
92908
72074
94130
71976
91304
47219
61956
46046
28055
55839
45706
50212
36508
15128
28897
59765
12197
26130
68472
27172
64529
67661
74403
30418
66131
92283
97377
76656
15591
79944
42069
14852
58370
42551
76828
56026
86123
38784
92072
20530
90975
37779
67094
27484
49259
85991
77249
57809
18473
52074
74981
73002
19735
55737
99772
75866
48020
13501
58874
53611
83445
90943
64815
48167
39847
41643
94193
32322
76780
92617
49204
74107
30396
16298
91591
76008
92289
75193
33817
10762
27267
15150
80116
43354
60887
86240
25572
15259
89741
74446
65223
79538
71742
30038
27705
11589
61682
28250
40263
44814
20867
79467
18921
47616
85765
16865
23624
84406
82058
47441
91520
99325
52591
77988
42679
19831
64228
58251
25090
53969
32697
80313
39859
10791
10352
63916
18732
68386
82166
48995
13200
99385
34814
28473
47001
20579
35338
66977
11337
17396
14418
92857
23073
63362
70845
62104
73193
41425
26707
94635
91746
49405
74949
31605
56548
81653
91873
65281
50039
74039
14276
59591
79777
39091
78064
33130
56022
19755
90108
57360
27151
94526
56569
46577
64240
27415
98681
37433
65192
25389
32069
56939
71146
13370
84896
27694
85023
76770
82975
41414
57161
93604
91005
36938
32695
75421
60069
85069
85176
50177
42429
18680
51055
88999
55257
15296
22766
53938
49081
77958
75679
77502
41249
46825
87224
26146
70872
72247
92916
53847
13661
50077
47451
11018
77016
76498
76440
43437
61568
61616
89966
10349
70296
41021
89348
31905
52669
18466
82196
91751
92777
57875
75605
34026
11053
62830
50172
71925
41429
43088
25772
51443
89518
69576
52461
72886
52426
28901
16323
13994
86870
96289
20696
63518
43662
16396
85424
86332
24863
67620
84435
17640
31847
66392
48018
32900
29222
94543
94825
67004
43983
26950
18447
33501
92878
60908
96387
45304
86162
19062
55651
73032
15351
66347
42902
55366
72743
28326
48050
93958
92298
38837
17950
30498
95229
55969
53398
30804
50512
54576
87808
90847
77878
96255
24349
77108
57163
20736
28764
49677
36151
74415
22709
47854
47114
55612
93220
26210
80290
41270
20168
78941
70107
34471
99439
71689
80440
59189
92493
37304
20117
86653
28151
94347
82908
48852
71455
46423
65941
96572
86101
92092
77339
15162
39946
24454
67126
39519
47016
53769
70789
57184
32710
47249
81655
38501
25290
68447
94042
17783
12103
20512
10788
36607
21211
83696
81811
89019
36471
47752
85591
28924
46196
62930
34087
76143
83736
97565
15662
30752
51334
82803
84289
80396
36404
72296
18897
51694
47096
19292
65829
49199
36156
66617
82158
47367
56665
70322
36386
83137
18074
21977
12061
54271
74908
42500
36766
64996
40066
48780
85749
81400
37935
70038
61797
64340
42334
77046
22386
79430
92690
78216
34982
28846
51185
23492
66214
97851
83814
98952
87340
98241
20930
95753
58864
92190
38254
85630
57186
74672
40762
49287
56072
68697
19325
24221
39389
51660
97620
51776
37442
90310
29992
62424
25509
77529
82269
88075
75380
66083
87027
62720
64324
14309
58474
23188
96499
93080
15170
60038
67752
45932
99325
30176
20982
18651
44398
50371
66663
48370
92147
10457
45032
28491
69234
60541
96021
51503
48616
77753
23938
41996
46826
78263
46305
11652
97803
49157
94732
19326
99195
68836
55258
98520
89012
72592
23523
39762
22964
86538
78132
21463
93348
23165
46307
62582
80058
42328
20437
35027
26433
34375
67023
63259
18990
13328
64911
23146
52485
65995
32472
58032
34831
84082
62905
30196
56675
76428
59958
69639
69319
44443
87454
62667
63960
33761
31601
50370
72441
42038
75397
88875
66413
42420
58486
81756
52101
23398
94902
10938
85745
27374
65323
26929
11456
28228
47125
58131
11008
13435
34122
76679
54230
21577
39346
18190
51690
60947
64913
24132
99337
40310
13007
65751
79083
61493
47507
37536
81243
42409
44826
66989
66135
10149
83918
67591
28377
37395
25723
35738
40830
56197
12417
91413
67774
48116
15955
19465
15415
70868
39949
14753
11179
42956
76856
86614
10801
30715
24150
88397
69476
58976
61738
35611
59126
52008
93202
83855
79403
25277
19593
26585
71475
22011
17998
45601
60127
30306
61418
65542
91174
91367
76647
92353
34323
53503
78967
41477
74218
99469
36226
43694
58446
87964
69305
23924
39972
68860
97779
25727
84137
23725
48664
61964
35736
63015
97566
92215
83321
58984
64109
74495
50352
40757
73201
81027
84260
58520
28856
64831
57990
55082
98525
22788
43046
74183
36712
79370
43043
34491
11449
33532
48216
56466
85497
80304
19481
83063
78871
99154
48399
42981
80001
88751
80090
53202
76131
70702
18075
94987
35533
66065
50070
40411
85205
89468
20946
21917
75191
53989
52760
82992
83873
97329
39458
69370
77633
55291
58785
62857
60797
13537
12190
40799
92288
82280
90353
74771
59334
98428
69759
91220
70845
26181
37983
56050
22001
48929
74319
87192
99270
27080
76537
83143
24409
22347
58866
98394
67639
24003
67603
34788
27540
69793
65587
26181
58425
55941
90952
24112
60721
67063
15332
31567
83244
43315
83969
95246
82244
58289
88790
81514
81721
65327
71009
96130
77675
29875
10876
51666
50231
68480
76454
67771
44625
42042
90304
99403
94335
81257
23515
55056
54672
28847
82975
37917
68514
66945
33163
50758
31586
21953
38624
13307
77281
99633
15789
61308
35861
23017
12974
76092
87849
79428
50215
32475
27822
46872
38230
22157
34481
51745
73566
79153
70592
56541
17070
45458
29838
46585
86216
51424
58539
31192
61083
42172
37177
66872
99832
63038
86242
12806
45482
74091
88586
92050
12918
16409
38922
41148
34918
69755
89245
98484
48908
66189
61378
55979
11647
81216
92564
94215
38993
57455
25407
90076
95979
52585
63301
95811
21975
55895
14969
63810
29986
93556
62212
39257
16317
97486
76757
41235
67241
66003
46072
16149
32192
97450
68480
33840
85018
67397
28055
24011
31204
49815
20440
27184
92400
80093
29347
20727
35988
34317
74537
55974
27873
43101
91583
34190
40587
68341
71777
97828
40696
24201
20330
62888
28003
78810
93080
13022
52559
21136
33385
73764
67303
50177
97300
66055
30270
26647
76782
56258
50964
57672
18585
68837
90773
10168
99379
31361
74861
77509
29189
15557
91710
39519
68446
26066
24682
67878
29088
67241
85366
58825
47357
52669
99003
44657
18724
35625
61305
85507
81884
12269
49531
90469
77459
40304
96989
83190
61665
71851
67051
87207
77408
58762
33078
52206
74828
47760
20085
10268
21354
95451
65445
58711
48121
70800
93369
56845
96426
61026
48704
84662
63295
88235
75131
47106
28540
72120
36649
86557
50323
93700
80116
27732
58814
13195
76290
33642
57307
86375
40262
75013
88179
12060
40077
36300
72860
33446
89497
75638
90824
44554
60300
60471
32789
35431
97578
57681
13904
40579
50591
54227
34279
30707
78311
83094
40254
54602
23088
93914
47329
59703
75279
35508
61763
15356
68160
40975
45154
64010
16614
35978
98564
66914
86450
31353
98698
90380
85387
18954
30959
35978
69533
55238
63037
47845
44684
99644
98799
57773
93558
46128
23828
68837
77989
75591
80546
46149
22918
25700
10159
29532
51679
98723
92799
38129
36429
91497
28509
21816
16803
55820
54146
76336
11058
17183
30533
52095
16827
29332
16220
16737
71813
30048
81927
49802
11991
62473
92303
24909
84525
92463
44442
36204
97538
43593
70685
40319
41442
95546
58487
48245
51366
12633
24581
58777
26169
45115
10872
39348
70799
17092
52438
42612
37140
34365
82414
39131
93190
81070
60392
77715
73533
11186
20272
77423
44779
80957
24095
76221
76504
72582
30818
34222
81568
51752
82999
14089
93219
83871
49789
64018
97315
92227
12983
34455
32944
91749
69938
26134
72819
36683
10202
52704
37869
20474
30128
72649
97783
44223
55222
80639
23157
82393
14862
94725
34145
94213
15166
27364
84437
54956
87734
81752
47183
90717
22560
76480
82467
88850
98966
55286
25533
99168
97991
53403
25994
34471
32404
23778
75046
83978
94417
94555
66371
99279
95633
96868
93493
10799
30584
84282
55755
18319
66034
99291
15388
78594
75771
94207
73797
81089
49494
89330
80258
53837
49085
12604
84660
71489
26382
66058
61820
20800
60613
28191
26431
56246
31412
26276
57046
51996
10558
19153
66667
72945
18444
72056
57891
90567
66263
31688
78009
22109
21019
64619
72298
66456
67223
56958
44298
83606
23016
96118
10758
79982
30661
33541
36228
52073
49818
89626
94070
56728
98780
60737
29673
23576
39145
77565
20496
95409
99253
88505
23870
26624
53124
86169
89433
20347
43127
33731
10305
62496
29849
11063
42478
50510
40957
75058
98936
80775
64685
99358
37503
63465
66447
63529
77041
95593
41094
87537
97354
46699
82394
21224
69676
35518
13745
59109
52218
53225
89192
52523
15721
19041
59939
54551
65903
90896
29609
71191
78023
84294
70549
21878
54111
36997
81759
31153
32590
22853
25042
36296
65905
13789
53872
41933
39307
57618
97394
87877
10843
86586
46753
22916
11979
96692
67467
67882
93940
93428
39074
78315
77723
15975
96545
31834
42972
78305
59339
71914
97510
80734
98210
63415
84523
58435
11700
30182
16053
99094
18060
16896
92032
54813
29812
94011
57857
93631
61894
58149
87059
97320
42816
71134
13295
39361
99321
52620
17666
65012
30886
15177
45746
35449
74944
36621
83884
76645
63156
89937
82091
71216
13185
74124
32381
39349
74487
86590
32980
36381
51091
26391
40053
83907
87526
49701
23268
86847
98673
37287
58211
29559
42464
10310
55008
23760
36931
45244
96757
90087
41533
78849
67655
44718
59325
96388
74067
33812
82978
13399
66546
34069
29791
12951
24328
23669
59004
37597
16868
57677
64884
65079
83589
13700
65389
44949
27460
98673
80194
24218
95112
21727
99419
69120
56446
65096
65508
36865
95260
54839
46617
61806
85260
66408
71110
99589
86429
30114
43538
93297
77792
14774
64728
61381
18474
30118
96330
42286
35143
82876
62856
30255
94604
68627
95727
57402
40075
61236
90619
35336
22427
37236
93494
97687
93644
64604
97276
80073
84719
47166
79722
68863
51940
44451
36596
66766
70921
39278
15405
96064
22155
68261
32671
23111
43241
28399
70513
73316
85987
61132
15004
98414
94721
98499
96101
88365
69455
99730
74791
60526
46896
60865
29389
88837
95316
62337
55603
72589
91616
61008
75005
20123
35622
97677
39586
75215
32428
16451
54883
18415
67583
59888
16829
68656
64739
19282
57022
34194
19012
38165
84721
55909
95382
20462
44746
97051
72800
96701
69640
70768
64062
44646
87243
96036
48675
26829
77603
71103
33280
32486
79518
97215
88726
92699
65872
53465
11981
29246
77660
20994
63763
62381
73255
59145
72843
24353
56196
51995
21054
32189
22763
81468
66835
16358
83856
15510
33187
61459
82965
56467
83946
62483
53683
72672
61534
25907
26138
63515
45153
10150
74509
98916
68883
47764
58061
48078
68469
20610
90074
79524
42799
19189
67344
99634
25548
51201
21496
48735
12660
94461
11555
92958
63296
61590
65631
24830
77497
88121
84697
22650
94623
65559
27918
63506
19675
82331
11584
78145
92941
98010
57669
35740
17200
31365
41726
39100
72566
59574
77835
75227
60387
85742
74537
23683
47332
40168
44865
24829
34641
29563
43831
29264
85122
61749
82770
11149
44081
90707
79294
37022
88717
43315
69115
95917
64681
17193
35017
37247
66768
19205
18826
27155
94947
83364
47191
48632
29884
82056
63461
60878
17971
13645
80142
99445
65394
69265
10595
15827
59972
79889
49202
48689
23205
18317
50959
77886
25510
82328
21485
88630
97885
36664
15786
99185
26380
52977
47817
46264
41385
17630
97142
55709
21275
83637
55154
83022
52902
62101
88849
19226
41991
38051
64267
61548
52720
15226
45786
74583
93907
57271
63213
91792
90287
75351
97329
16667
34680
45146
52932
66066
52777
56426
28127
70404
40063
73281
53426
89317
41735
48628
